0.2503972053527832 7.56289150853811e-12 0.0 274.01780828036635 250 97 103
0.3727126121520996 7.56289150853811e-12 0.0 274.01780828036635 250 97 103
0.42466282844543457 7.56289150853811e-12 0.0 274.01780828036635 250 97 103
0.4835062026977539 7.56289150853811e-12 0.6931471805599453 274.01780828036635 250 98 102
0.5363678932189941 7.56289150853811e-12 1.3862943611198906 274.01780828036635 250 99 101
0.5877382755279541 7.56289150853811e-12 1.3862943611198906 274.01780828036635 250 99 101
0.638380765914917 7.56289150853811e-12 1.3862943611198906 274.01780828036635 250 99 101
0.6887547969818115 7.56289150853811e-12 1.3862943611198906 274.01780828036635 250 99 101
0.7356655597686768 7.56289150853811e-12 2.0794415416798357 274.01780828036635 250 100 100
0.7830219268798828 7.56289150853811e-12 2.0794415416798357 274.01780828036635 250 100 100
0.8398704528808594 7.56289150853811e-12 2.0794415416798357 274.01780828036635 250 100 100
0.8922381401062012 7.56289150853811e-12 2.0794415416798357 274.01780828036635 250 100 100
0.9599320888519287 7.56289150853811e-12 2.772588722239781 274.01780828036635 250 101 99
1.005826711654663 7.56289150853811e-12 2.772588722239781 274.01780828036635 250 101 99
1.0565521717071533 7.56289150853811e-12 4.1588830833596715 274.01780828036635 250 103 97
1.1054387092590332 7.56289150853811e-12 4.1588830833596715 274.01780828036635 250 103 97
1.151322841644287 7.56289150853811e-12 4.1588830833596715 274.01780828036635 250 103 97
1.198716163635254 7.56289150853811e-12 4.852030263919617 274.01780828036635 250 104 96
1.2446162700653076 7.56289150853811e-12 4.852030263919617 274.01780828036635 250 104 96
1.2916100025177002 7.56289150853811e-12 4.852030263919617 274.01780828036635 250 104 96
1.33750581741333 7.56289150853811e-12 4.852030263919617 274.01780828036635 250 104 96
1.3838765621185303 7.56289150853811e-12 4.852030263919617 274.01780828036635 250 104 96
1.4286613464355469 7.56289150853811e-12 4.852030263919617 274.01780828036635 250 104 96
1.4770123958587646 7.56289150853811e-12 5.545177444479562 274.01780828036635 250 105 95
1.5265121459960938 7.56289150853811e-12 5.545177444479562 274.01780828036635 250 105 95
1.5733864307403564 7.56289150853811e-12 5.545177444479562 274.01780828036635 250 105 95
1.6222562789916992 7.56289150853811e-12 6.238324625039508 274.01780828036635 250 106 94
1.669811725616455 7.56289150853811e-12 7.6246189861593985 274.01780828036635 250 108 92
1.7172026634216309 7.56289150853811e-12 8.317766166719343 274.01780828036635 250 109 91
1.7680611610412598 7.56289150853811e-12 9.704060527839234 274.01780828036635 250 111 89
1.8168973922729492 7.56289150853811e-12 10.39720770839918 274.01780828036635 250 112 88
1.8657677173614502 7.56289150853811e-12 11.090354888959125 274.01780828036635 250 113 87
1.9128589630126953 7.56289150853811e-12 11.090354888959125 274.01780828036635 250 113 87
1.9646625518798828 7.56289150853811e-12 11.090354888959125 274.01780828036635 250 113 87
2.0125739574432373 7.56289150853811e-12 12.476649250079015 274.01780828036635 250 115 85
2.058542251586914 7.56289150853811e-12 12.476649250079015 274.01780828036635 250 115 85
2.1066665649414062 7.56289150853811e-12 12.476649250079015 274.01780828036635 250 115 85
2.1531388759613037 7.56289150853811e-12 12.476649250079015 274.01780828036635 250 115 85
2.201517105102539 7.56289150853811e-12 12.476649250079015 274.01780828036635 250 115 85
2.25215482711792 7.56289150853811e-12 12.476649250079015 274.01780828036635 250 115 85
2.30117130279541 7.56289150853811e-12 13.16979643063896 274.01780828036635 250 116 84
2.348541021347046 7.56289150853811e-12 13.862943611198906 274.01780828036635 250 117 83
2.4129083156585693 7.56289150853811e-12 13.862943611198906 274.01780828036635 250 117 83
2.4602880477905273 7.56289150853811e-12 13.862943611198906 274.01780828036635 250 117 83
2.507676839828491 7.56289150853811e-12 14.556090791758852 274.01780828036635 250 118 82
2.5525567531585693 7.56289150853811e-12 14.556090791758852 274.01780828036635 250 118 82
2.5989227294921875 7.56289150853811e-12 14.556090791758852 274.01780828036635 250 118 82
2.645653009414673 7.56289150853811e-12 14.556090791758852 274.01780828036635 250 118 82
2.6920101642608643 7.56289150853811e-12 14.556090791758852 274.01780828036635 250 118 82
2.7384092807769775 7.56289150853811e-12 15.249237972318797 274.01780828036635 250 119 81
2.7850992679595947 7.56289150853811e-12 15.942385152878742 274.01780828036635 250 120 80
2.829979658126831 7.56289150853811e-12 17.32867951399863 274.01780828036635 250 122 78
2.877225399017334 7.56289150853811e-12 17.32867951399863 274.01780828036635 250 122 78
2.925488233566284 7.56289150853811e-12 17.32867951399863 274.01780828036635 250 122 78
2.973360061645508 7.56289150853811e-12 17.32867951399863 274.01780828036635 250 122 78
3.0202958583831787 7.56289150853811e-12 17.32867951399863 274.01780828036635 250 122 78
3.0665953159332275 7.56289150853811e-12 18.021826694558573 274.01780828036635 250 123 77
3.1134984493255615 7.56289150853811e-12 18.021826694558573 274.01780828036635 250 123 77
3.1598875522613525 7.56289150853811e-12 18.021826694558573 274.01780828036635 250 123 77
3.2050867080688477 7.56289150853811e-12 18.021826694558573 274.01780828036635 250 123 77
3.253500461578369 7.56289150853811e-12 18.021826694558573 274.01780828036635 250 123 77
3.2996201515197754 7.56289150853811e-12 18.021826694558573 274.01780828036635 250 123 77
3.3440091609954834 7.56289150853811e-12 18.021826694558573 274.01780828036635 250 123 77
3.3906335830688477 7.56289150853811e-12 18.021826694558573 274.01780828036635 250 123 77
3.436184883117676 7.56289150853811e-12 18.021826694558573 274.01780828036635 250 123 77
3.4814069271087646 7.56289150853811e-12 18.021826694558573 274.01780828036635 250 123 77
3.5284812450408936 7.56289150853811e-12 18.021826694558573 274.01780828036635 250 123 77
3.5750927925109863 7.56289150853811e-12 18.021826694558573 274.01780828036635 250 123 77
3.6204020977020264 7.56289150853811e-12 18.714973875118517 274.01780828036635 250 124 76
3.6682729721069336 7.56289150853811e-12 19.40812105567846 274.01780828036635 250 125 75
3.713963031768799 7.56289150853811e-12 19.40812105567846 274.01780828036635 250 125 75
3.7596957683563232 7.56289150853811e-12 20.101268236238404 274.01780828036635 250 126 74
3.805842638015747 7.56289150853811e-12 20.101268236238404 274.01780828036635 250 126 74
3.867100715637207 7.56289150853811e-12 20.101268236238404 274.01780828036635 250 126 74
3.912560224533081 7.56289150853811e-12 20.101268236238404 274.01780828036635 250 126 74
3.959463596343994 7.56289150853811e-12 20.101268236238404 274.01780828036635 250 126 74
4.004371881484985 7.56289150853811e-12 20.101268236238404 274.01780828036635 250 126 74
4.0535523891448975 7.56289150853811e-12 20.101268236238404 274.01780828036635 250 126 74
4.099974870681763 7.56289150853811e-12 20.794415416798348 274.01780828036635 250 127 73
4.144021272659302 7.56289150853811e-12 20.794415416798348 274.01780828036635 250 127 73
4.18989896774292 7.56289150853811e-12 20.794415416798348 274.01780828036635 250 127 73
4.234781742095947 7.56289150853811e-12 21.48756259735829 274.01780828036635 250 128 72
4.2816596031188965 7.56289150853811e-12 21.48756259735829 274.01780828036635 250 128 72
4.327671527862549 7.56289150853811e-12 22.180709777918235 274.01780828036635 250 129 71
4.373579978942871 7.56289150853811e-12 22.180709777918235 274.01780828036635 250 129 71
4.419999599456787 7.56289150853811e-12 22.180709777918235 274.01780828036635 250 129 71
4.465691328048706 7.56289150853811e-12 22.180709777918235 274.01780828036635 250 129 71
4.513592481613159 7.56289150853811e-12 22.180709777918235 274.01780828036635 250 129 71
4.558472394943237 7.56289150853811e-12 22.87385695847818 274.01780828036635 250 130 70
4.60457444190979 7.56289150853811e-12 22.87385695847818 274.01780828036635 250 130 70
4.652499437332153 7.56289150853811e-12 22.87385695847818 274.01780828036635 250 130 70
4.701695680618286 7.56289150853811e-12 22.87385695847818 274.01780828036635 250 130 70
4.747572898864746 7.56289150853811e-12 22.87385695847818 274.01780828036635 250 130 70
4.7959513664245605 7.56289150853811e-12 22.87385695847818 274.01780828036635 250 130 70
4.841156005859375 7.56289150853811e-12 23.567004139038122 274.01780828036635 250 131 69
4.8875322341918945 7.56289150853811e-12 23.567004139038122 274.01780828036635 250 131 69
4.934407711029053 7.56289150853811e-12 23.567004139038122 274.01780828036635 250 131 69
4.98285698890686 7.56289150853811e-12 23.567004139038122 274.01780828036635 250 131 69
5.0282416343688965 7.56289150853811e-12 24.260151319598066 274.01780828036635 250 132 68
5.074136257171631 7.56289150853811e-12 24.95329850015801 274.01780828036635 250 133 67
5.121068954467773 7.56289150853811e-12 24.95329850015801 274.01780828036635 250 133 67
5.23624324798584 7.56289150853811e-12 24.95329850015801 274.01780828036635 250 133 67
5.281123399734497 7.56289150853811e-12 25.646445680717953 274.01780828036635 250 134 66
5.34798002243042 7.56289150853811e-12 25.646445680717953 274.01780828036635 250 134 66
5.4492573738098145 7.56289150853811e-12 25.646445680717953 274.01780828036635 250 134 66
5.522063255310059 7.56289150853811e-12 26.339592861277897 274.01780828036635 250 135 65
5.575289011001587 7.56289150853811e-12 26.339592861277897 274.01780828036635 250 135 65
5.635129451751709 7.56289150853811e-12 27.72588722239778 274.01780828036635 250 137 63
5.683003664016724 7.56289150853811e-12 27.72588722239778 274.01780828036635 250 137 63
5.731166362762451 7.56289150853811e-12 27.72588722239778 274.01780828036635 250 137 63
5.7790374755859375 7.56289150853811e-12 29.80532876407761 274.01780828036635 250 140 60
5.823460340499878 7.56289150853811e-12 30.498475944637555 274.01780828036635 250 141 59
5.868340730667114 7.56289150853811e-12 30.498475944637555 274.01780828036635 250 141 59
5.914247989654541 7.56289150853811e-12 30.498475944637555 274.01780828036635 250 141 59
5.959561586380005 7.56289150853811e-12 31.1916231251975 274.01780828036635 250 142 58
6.004832029342651 7.56289150853811e-12 31.1916231251975 274.01780828036635 250 142 58
6.051759243011475 7.56289150853811e-12 31.1916231251975 274.01780828036635 250 142 58
6.097366094589233 7.56289150853811e-12 31.1916231251975 274.01780828036635 250 142 58
6.143751621246338 7.56289150853811e-12 31.1916231251975 274.01780828036635 250 142 58
6.18983268737793 7.56289150853811e-12 31.1916231251975 274.01780828036635 250 142 58
6.234269380569458 7.56289150853811e-12 31.1916231251975 274.01780828036635 250 142 58
6.279655933380127 7.56289150853811e-12 31.1916231251975 274.01780828036635 250 142 58
6.3245391845703125 7.56289150853811e-12 31.884770305757442 274.01780828036635 250 143 57
6.3684468269348145 7.56289150853811e-12 31.884770305757442 274.01780828036635 250 143 57
6.413301944732666 7.56289150853811e-12 31.884770305757442 274.01780828036635 250 143 57
6.458705902099609 7.56289150853811e-12 31.884770305757442 274.01780828036635 250 143 57
6.503711938858032 7.56289150853811e-12 31.884770305757442 274.01780828036635 250 143 57
6.550028562545776 7.56289150853811e-12 31.884770305757442 274.01780828036635 250 143 57
6.59623646736145 7.56289150853811e-12 31.884770305757442 274.01780828036635 250 143 57
6.647582292556763 7.56289150853811e-12 31.884770305757442 274.01780828036635 250 143 57
6.698445558547974 7.56289150853811e-12 31.884770305757442 274.01780828036635 250 143 57
6.749815940856934 7.56289150853811e-12 33.271064666877336 274.01780828036635 250 145 55
6.794713020324707 7.56289150853811e-12 33.271064666877336 274.01780828036635 250 145 55
6.8410797119140625 7.56289150853811e-12 33.964211847437284 274.01780828036635 250 146 54
6.900068283081055 7.56289150853811e-12 33.964211847437284 274.01780828036635 250 146 54
6.946002006530762 7.56289150853811e-12 33.964211847437284 274.01780828036635 250 146 54
6.9901347160339355 7.56289150853811e-12 33.964211847437284 274.01780828036635 250 146 54
7.036432981491089 7.56289150853811e-12 33.964211847437284 274.01780828036635 250 146 54
7.082310676574707 7.56289150853811e-12 33.964211847437284 274.01780828036635 250 146 54
7.1266984939575195 7.56289150853811e-12 33.964211847437284 274.01780828036635 250 146 54
7.1721351146698 7.56289150853811e-12 33.964211847437284 274.01780828036635 250 146 54
7.217043161392212 7.56289150853811e-12 34.65735902799723 274.01780828036635 250 147 53
7.262474060058594 7.56289150853811e-12 34.65735902799723 274.01780828036635 250 147 53
7.307420492172241 7.56289150853811e-12 34.65735902799723 274.01780828036635 250 147 53
7.353271961212158 7.56289150853811e-12 34.65735902799723 274.01780828036635 250 147 53
7.397660970687866 7.56289150853811e-12 34.65735902799723 274.01780828036635 250 147 53
7.442914962768555 7.56289150853811e-12 34.65735902799723 274.01780828036635 250 147 53
7.488499164581299 7.56289150853811e-12 34.65735902799723 274.01780828036635 250 147 53
7.533379316329956 7.56289150853811e-12 34.65735902799723 274.01780828036635 250 147 53
7.57828426361084 7.56289150853811e-12 34.65735902799723 274.01780828036635 250 147 53
7.624161720275879 7.56289150853811e-12 34.65735902799723 274.01780828036635 250 147 53
7.6710920333862305 7.56289150853811e-12 34.65735902799723 274.01780828036635 250 147 53
7.722461462020874 7.56289150853811e-12 34.65735902799723 274.01780828036635 250 147 53
7.767341613769531 7.56289150853811e-12 34.65735902799723 274.01780828036635 250 147 53
7.814721584320068 7.56289150853811e-12 34.65735902799723 274.01780828036635 250 147 53
7.862854957580566 7.56289150853811e-12 34.65735902799723 274.01780828036635 250 147 53
7.910750389099121 7.56289150853811e-12 34.65735902799723 274.01780828036635 250 147 53
7.957587480545044 7.56289150853811e-12 34.65735902799723 274.01780828036635 250 147 53
8.006431341171265 7.56289150853811e-12 36.043653389117125 274.01780828036635 250 149 51
8.052334308624268 7.56289150853811e-12 36.043653389117125 274.01780828036635 250 149 51
8.099183559417725 7.56289150853811e-12 36.043653389117125 274.01780828036635 250 149 51
8.145583868026733 7.56289150853811e-12 36.043653389117125 274.01780828036635 250 149 51
8.190946578979492 7.56289150853811e-12 36.736800569677065 274.01780828036635 250 150 50
8.237804889678955 7.56289150853811e-12 36.736800569677065 274.01780828036635 250 150 50
8.29970121383667 7.56289150853811e-12 36.736800569677065 274.01780828036635 250 150 50
8.345851182937622 7.56289150853811e-12 36.736800569677065 274.01780828036635 250 150 50
8.39172887802124 7.56289150853811e-12 36.736800569677065 274.01780828036635 250 150 50
8.43719220161438 7.56289150853811e-12 37.42994775023701 274.01780828036635 250 151 49
8.484090566635132 7.56289150853811e-12 37.42994775023701 274.01780828036635 250 151 49
8.53022027015686 7.56289150853811e-12 37.42994775023701 274.01780828036635 250 151 49
8.576627254486084 7.56289150853811e-12 37.42994775023701 274.01780828036635 250 151 49
8.62256121635437 7.56289150853811e-12 37.42994775023701 274.01780828036635 250 151 49
8.66846776008606 7.56289150853811e-12 37.42994775023701 274.01780828036635 250 151 49
8.716895818710327 7.56289150853811e-12 37.42994775023701 274.01780828036635 250 151 49
8.763364553451538 7.56289150853811e-12 37.42994775023701 274.01780828036635 250 151 49
8.808245182037354 7.56289150853811e-12 37.42994775023701 274.01780828036635 250 151 49
8.853630781173706 7.56289150853811e-12 37.42994775023701 274.01780828036635 250 151 49
8.899016618728638 7.56289150853811e-12 37.42994775023701 274.01780828036635 250 151 49
8.949880123138428 7.56289150853811e-12 37.42994775023701 274.01780828036635 250 151 49
8.995267152786255 7.56289150853811e-12 37.42994775023701 274.01780828036635 250 151 49
9.042252540588379 7.56289150853811e-12 37.42994775023701 274.01780828036635 250 151 49
9.087478876113892 7.56289150853811e-12 37.42994775023701 274.01780828036635 250 151 49
9.132840394973755 7.56289150853811e-12 37.42994775023701 274.01780828036635 250 151 49
9.177734375 7.56289150853811e-12 37.42994775023701 274.01780828036635 250 151 49
9.222123146057129 7.56289150853811e-12 37.42994775023701 274.01780828036635 250 151 49
9.268064260482788 7.56289150853811e-12 38.12309493079696 274.01780828036635 250 152 48
9.31250524520874 7.56289150853811e-12 38.12309493079696 274.01780828036635 250 152 48
9.358906030654907 7.56289150853811e-12 38.12309493079696 274.01780828036635 250 152 48
9.406351327896118 7.56289150853811e-12 38.12309493079696 274.01780828036635 250 152 48
9.450831174850464 7.56289150853811e-12 38.12309493079696 274.01780828036635 250 152 48
9.496270179748535 7.56289150853811e-12 38.81624211135691 274.01780828036635 250 153 47
9.54226279258728 7.56289150853811e-12 38.81624211135691 274.01780828036635 250 153 47
9.587142705917358 7.56289150853811e-12 39.509389291916854 274.01780828036635 250 154 46
9.633673667907715 7.56289150853811e-12 39.509389291916854 274.01780828036635 250 154 46
9.679234504699707 7.56289150853811e-12 39.509389291916854 274.01780828036635 250 154 46
9.737586498260498 7.56289150853811e-12 40.2025364724768 274.01780828036635 250 155 45
9.78340482711792 7.56289150853811e-12 40.2025364724768 274.01780828036635 250 155 45
9.83027982711792 7.56289150853811e-12 40.2025364724768 274.01780828036635 250 155 45
9.874860763549805 7.56289150853811e-12 40.2025364724768 274.01780828036635 250 155 45
9.9203519821167 7.56289150853811e-12 40.2025364724768 274.01780828036635 250 155 45
9.963853359222412 7.56289150853811e-12 40.89568365303675 274.01780828036635 250 156 44
10.009872674942017 7.56289150853811e-12 40.89568365303675 274.01780828036635 250 156 44
10.056132793426514 7.56289150853811e-12 40.89568365303675 274.01780828036635 250 156 44
10.10239839553833 7.56289150853811e-12 40.89568365303675 274.01780828036635 250 156 44
10.148621320724487 7.56289150853811e-12 41.588830833596695 274.01780828036635 250 157 43
10.194589614868164 7.56289150853811e-12 41.588830833596695 274.01780828036635 250 157 43
10.240942239761353 7.56289150853811e-12 41.588830833596695 274.01780828036635 250 157 43
10.285035610198975 7.56289150853811e-12 41.588830833596695 274.01780828036635 250 157 43
10.330396890640259 7.56289150853811e-12 41.588830833596695 274.01780828036635 250 157 43
10.374281883239746 7.56289150853811e-12 41.588830833596695 274.01780828036635 250 157 43
10.419666767120361 7.56289150853811e-12 41.588830833596695 274.01780828036635 250 157 43
10.464546918869019 7.56289150853811e-12 41.588830833596695 274.01780828036635 250 157 43
10.510672092437744 7.56289150853811e-12 41.588830833596695 274.01780828036635 250 157 43
10.557517766952515 7.56289150853811e-12 41.588830833596695 274.01780828036635 250 157 43
10.603441953659058 7.56289150853811e-12 41.588830833596695 274.01780828036635 250 157 43
10.650228023529053 7.56289150853811e-12 41.588830833596695 274.01780828036635 250 157 43
10.699098110198975 7.56289150853811e-12 41.588830833596695 274.01780828036635 250 157 43
10.745989799499512 7.56289150853811e-12 41.588830833596695 274.01780828036635 250 157 43
10.793124914169312 7.56289150853811e-12 41.588830833596695 274.01780828036635 250 157 43
10.842802286148071 7.56289150853811e-12 41.588830833596695 274.01780828036635 250 157 43
10.888446807861328 7.56289150853811e-12 41.588830833596695 274.01780828036635 250 157 43
10.935331106185913 7.56289150853811e-12 41.588830833596695 274.01780828036635 250 157 43
10.982573509216309 7.56289150853811e-12 41.588830833596695 274.01780828036635 250 157 43
11.028015851974487 7.56289150853811e-12 41.588830833596695 274.01780828036635 250 157 43
11.076152324676514 7.56289150853811e-12 41.588830833596695 274.01780828036635 250 157 43
11.137077808380127 7.56289150853811e-12 41.588830833596695 274.01780828036635 250 157 43
11.182418584823608 7.56289150853811e-12 41.588830833596695 274.01780828036635 250 157 43
11.228589534759521 7.56289150853811e-12 41.588830833596695 274.01780828036635 250 157 43
11.274683952331543 7.56289150853811e-12 41.588830833596695 274.01780828036635 250 157 43
11.322225570678711 7.56289150853811e-12 41.588830833596695 274.01780828036635 250 157 43
11.369761943817139 7.56289150853811e-12 42.28197801415664 274.01780828036635 250 158 42
11.417519807815552 7.56289150853811e-12 42.28197801415664 274.01780828036635 250 158 42
11.464863777160645 7.56289150853811e-12 42.28197801415664 274.01780828036635 250 158 42
11.510798215866089 7.56289150853811e-12 42.28197801415664 274.01780828036635 250 158 42
11.55713176727295 7.56289150853811e-12 42.28197801415664 274.01780828036635 250 158 42
11.60500693321228 7.56289150853811e-12 42.28197801415664 274.01780828036635 250 158 42
11.653465509414673 7.56289150853811e-12 42.28197801415664 274.01780828036635 250 158 42
11.69974422454834 7.56289150853811e-12 42.28197801415664 274.01780828036635 250 158 42
11.745671510696411 7.56289150853811e-12 42.28197801415664 274.01780828036635 250 158 42
11.795690536499023 7.56289150853811e-12 42.28197801415664 274.01780828036635 250 158 42
11.843072652816772 7.56289150853811e-12 42.28197801415664 274.01780828036635 250 158 42
11.891941785812378 7.56289150853811e-12 42.28197801415664 274.01780828036635 250 158 42
11.937819480895996 7.56289150853811e-12 42.28197801415664 274.01780828036635 250 158 42
11.985713243484497 7.56289150853811e-12 42.28197801415664 274.01780828036635 250 158 42
12.03891658782959 7.56289150853811e-12 42.97512519471659 274.01780828036635 250 159 41
12.086332321166992 7.56289150853811e-12 43.66827237527654 274.01780828036635 250 160 40
12.133712530136108 7.56289150853811e-12 43.66827237527654 274.01780828036635 250 160 40
12.182817697525024 7.56289150853811e-12 43.66827237527654 274.01780828036635 250 160 40
12.227716445922852 7.56289150853811e-12 43.66827237527654 274.01780828036635 250 160 40
12.273042678833008 7.56289150853811e-12 43.66827237527654 274.01780828036635 250 160 40
12.319931268692017 7.56289150853811e-12 43.66827237527654 274.01780828036635 250 160 40
12.366358041763306 7.56289150853811e-12 43.66827237527654 274.01780828036635 250 160 40
12.41228985786438 7.56289150853811e-12 44.361419555836484 274.01780828036635 250 161 39
12.457194566726685 7.56289150853811e-12 44.361419555836484 274.01780828036635 250 161 39
12.50307011604309 7.56289150853811e-12 44.361419555836484 274.01780828036635 250 161 39
12.549974203109741 7.56289150853811e-12 45.05456673639643 274.01780828036635 250 162 38
12.609196186065674 7.56289150853811e-12 45.05456673639643 274.01780828036635 250 162 38
12.655157566070557 7.56289150853811e-12 45.74771391695638 274.01780828036635 250 163 37
12.69960618019104 7.56289150853811e-12 45.74771391695638 274.01780828036635 250 163 37
12.746248245239258 7.56289150853811e-12 45.74771391695638 274.01780828036635 250 163 37
12.792101860046387 7.56289150853811e-12 45.74771391695638 274.01780828036635 250 163 37
12.836982727050781 7.56289150853811e-12 45.74771391695638 274.01780828036635 250 163 37
12.882368564605713 7.56289150853811e-12 45.74771391695638 274.01780828036635 250 163 37
12.92829155921936 7.56289150853811e-12 45.74771391695638 274.01780828036635 250 163 37
12.973068237304688 7.56289150853811e-12 45.74771391695638 274.01780828036635 250 163 37
13.017457962036133 7.56289150853811e-12 45.74771391695638 274.01780828036635 250 163 37
13.063337326049805 7.56289150853811e-12 45.74771391695638 274.01780828036635 250 163 37
13.107219934463501 7.56289150853811e-12 45.74771391695638 274.01780828036635 250 163 37
13.152116537094116 7.56289150853811e-12 45.74771391695638 274.01780828036635 250 163 37
13.197500467300415 7.56289150853811e-12 45.74771391695638 274.01780828036635 250 163 37
13.242380380630493 7.56289150853811e-12 45.74771391695638 274.01780828036635 250 163 37
13.286768198013306 7.56289150853811e-12 45.74771391695638 274.01780828036635 250 163 37
13.33115553855896 7.56289150853811e-12 45.74771391695638 274.01780828036635 250 163 37
13.37659239768982 7.56289150853811e-12 45.74771391695638 274.01780828036635 250 163 37
13.42219591140747 7.56289150853811e-12 46.440861097516326 274.01780828036635 250 164 36
13.467091083526611 7.56289150853811e-12 46.440861097516326 274.01780828036635 250 164 36
13.511974573135376 7.56289150853811e-12 46.440861097516326 274.01780828036635 250 164 36
13.558409452438354 7.56289150853811e-12 46.440861097516326 274.01780828036635 250 164 36
13.605791807174683 7.56289150853811e-12 46.440861097516326 274.01780828036635 250 164 36
13.650645971298218 7.56289150853811e-12 46.440861097516326 274.01780828036635 250 164 36
13.69702935218811 7.56289150853811e-12 46.440861097516326 274.01780828036635 250 164 36
13.74341368675232 7.56289150853811e-12 46.440861097516326 274.01780828036635 250 164 36
13.789291858673096 7.56289150853811e-12 46.440861097516326 274.01780828036635 250 164 36
13.83618974685669 7.56289150853811e-12 47.13400827807627 274.01780828036635 250 165 35
13.881102800369263 7.56289150853811e-12 47.13400827807627 274.01780828036635 250 165 35
13.926563501358032 7.56289150853811e-12 47.13400827807627 274.01780828036635 250 165 35
13.986234426498413 7.56289150853811e-12 47.13400827807627 274.01780828036635 250 165 35
14.032503128051758 7.56289150853811e-12 48.52030263919617 274.01780828036635 250 167 33
14.078531742095947 7.56289150853811e-12 48.52030263919617 274.01780828036635 250 167 33
14.123411417007446 7.56289150853811e-12 48.52030263919617 274.01780828036635 250 167 33
14.167548179626465 7.56289150853811e-12 48.52030263919617 274.01780828036635 250 167 33
14.211941957473755 7.56289150853811e-12 48.52030263919617 274.01780828036635 250 167 33
14.256821393966675 7.56289150853811e-12 48.52030263919617 274.01780828036635 250 167 33
14.301701307296753 7.56289150853811e-12 48.52030263919617 274.01780828036635 250 167 33
14.347087383270264 7.56289150853811e-12 48.52030263919617 274.01780828036635 250 167 33
14.393544912338257 7.56289150853811e-12 48.52030263919617 274.01780828036635 250 167 33
14.440473079681396 7.56289150853811e-12 48.52030263919617 274.01780828036635 250 167 33
14.487539529800415 7.56289150853811e-12 48.52030263919617 274.01780828036635 250 167 33
14.53442907333374 7.56289150853811e-12 48.52030263919617 274.01780828036635 250 167 33
14.581825733184814 7.56289150853811e-12 49.213449819756114 274.01780828036635 250 168 32
14.627704858779907 7.56289150853811e-12 49.213449819756114 274.01780828036635 250 168 32
14.673582553863525 7.56289150853811e-12 49.90659700031606 274.01780828036635 250 169 31
14.719483137130737 7.56289150853811e-12 49.90659700031606 274.01780828036635 250 169 31
14.76584243774414 7.56289150853811e-12 49.90659700031606 274.01780828036635 250 169 31
14.812716960906982 7.56289150853811e-12 49.90659700031606 274.01780828036635 250 169 31
14.859591484069824 7.56289150853811e-12 49.90659700031606 274.01780828036635 250 169 31
14.906858205795288 7.56289150853811e-12 49.90659700031606 274.01780828036635 250 169 31
14.953748941421509 7.56289150853811e-12 49.90659700031606 274.01780828036635 250 169 31
15.002182722091675 7.56289150853811e-12 49.90659700031606 274.01780828036635 250 169 31
15.049033164978027 7.56289150853811e-12 49.90659700031606 274.01780828036635 250 169 31
15.096947431564331 7.56289150853811e-12 49.90659700031606 274.01780828036635 250 169 31
15.142831087112427 7.56289150853811e-12 49.90659700031606 274.01780828036635 250 169 31
15.190149068832397 7.56289150853811e-12 49.90659700031606 274.01780828036635 250 169 31
15.237023830413818 7.56289150853811e-12 49.90659700031606 274.01780828036635 250 169 31
15.283936738967896 7.56289150853811e-12 49.90659700031606 274.01780828036635 250 169 31
15.33131718635559 7.56289150853811e-12 49.90659700031606 274.01780828036635 250 169 31
15.376702547073364 7.56289150853811e-12 49.90659700031606 274.01780828036635 250 169 31
15.437050104141235 7.56289150853811e-12 49.90659700031606 274.01780828036635 250 169 31
15.50387167930603 7.56289150853811e-12 49.90659700031606 274.01780828036635 250 169 31
15.591656923294067 7.56289150853811e-12 49.90659700031606 274.01780828036635 250 169 31
15.6425199508667 7.56289150853811e-12 49.90659700031606 274.01780828036635 250 169 31
15.704355478286743 7.56289150853811e-12 49.90659700031606 274.01780828036635 250 169 31
15.76369595527649 7.56289150853811e-12 49.90659700031606 274.01780828036635 250 169 31
15.818553447723389 7.56289150853811e-12 49.90659700031606 274.01780828036635 250 169 31
15.877395391464233 7.56289150853811e-12 49.90659700031606 274.01780828036635 250 169 31
15.928121328353882 7.56289150853811e-12 49.90659700031606 274.01780828036635 250 169 31
15.97750210762024 7.56289150853811e-12 49.90659700031606 274.01780828036635 250 169 31
16.023484706878662 7.56289150853811e-12 49.90659700031606 274.01780828036635 250 169 31
16.072076559066772 7.56289150853811e-12 49.90659700031606 274.01780828036635 250 169 31
16.11997151374817 7.56289150853811e-12 51.292891361435956 274.01780828036635 250 171 29
16.167340517044067 7.56289150853811e-12 51.292891361435956 274.01780828036635 250 171 29
16.21473741531372 7.56289150853811e-12 51.292891361435956 274.01780828036635 250 171 29
16.26274013519287 7.56289150853811e-12 51.292891361435956 274.01780828036635 250 171 29
16.335164308547974 7.56289150853811e-12 51.292891361435956 274.01780828036635 250 171 29
16.381507396697998 7.56289150853811e-12 51.292891361435956 274.01780828036635 250 171 29
16.42838215827942 7.56289150853811e-12 51.292891361435956 274.01780828036635 250 171 29
16.475768566131592 7.56289150853811e-12 51.292891361435956 274.01780828036635 250 171 29
16.5222008228302 7.56289150853811e-12 51.292891361435956 274.01780828036635 250 171 29
16.56815481185913 7.56289150853811e-12 51.292891361435956 274.01780828036635 250 171 29
16.61209487915039 7.56289150853811e-12 51.9860385419959 274.01780828036635 250 172 28
16.658044815063477 7.56289150853811e-12 51.9860385419959 274.01780828036635 250 172 28
16.707483530044556 7.56289150853811e-12 51.9860385419959 274.01780828036635 250 172 28
16.75339436531067 7.56289150853811e-12 51.9860385419959 274.01780828036635 250 172 28
16.79824995994568 7.56289150853811e-12 52.67918572255585 274.01780828036635 250 173 27
16.844127416610718 7.56289150853811e-12 52.67918572255585 274.01780828036635 250 173 27
16.889007329940796 7.56289150853811e-12 52.67918572255585 274.01780828036635 250 173 27
16.93539047241211 7.56289150853811e-12 52.67918572255585 274.01780828036635 250 173 27
16.998281717300415 7.56289150853811e-12 52.67918572255585 274.01780828036635 250 173 27
17.042767763137817 7.56289150853811e-12 52.67918572255585 274.01780828036635 250 173 27
17.087158203125 7.56289150853811e-12 52.67918572255585 274.01780828036635 250 173 27
17.133516788482666 7.56289150853811e-12 52.67918572255585 274.01780828036635 250 173 27
17.17890191078186 7.56289150853811e-12 52.67918572255585 274.01780828036635 250 173 27
17.22561001777649 7.56289150853811e-12 52.67918572255585 274.01780828036635 250 173 27
17.269230604171753 7.56289150853811e-12 52.67918572255585 274.01780828036635 250 173 27
17.315106630325317 7.56289150853811e-12 52.67918572255585 274.01780828036635 250 173 27
17.359987497329712 7.56289150853811e-12 52.67918572255585 274.01780828036635 250 173 27
17.405449867248535 7.56289150853811e-12 52.67918572255585 274.01780828036635 250 173 27
17.450840711593628 7.56289150853811e-12 52.67918572255585 274.01780828036635 250 173 27
17.496535778045654 7.56289150853811e-12 52.67918572255585 274.01780828036635 250 173 27
17.542479276657104 7.56289150853811e-12 52.67918572255585 274.01780828036635 250 173 27
17.58743643760681 7.56289150853811e-12 52.67918572255585 274.01780828036635 250 173 27
17.632309436798096 7.56289150853811e-12 52.67918572255585 274.01780828036635 250 173 27
17.677483558654785 7.56289150853811e-12 52.67918572255585 274.01780828036635 250 173 27
17.72334313392639 7.56289150853811e-12 52.67918572255585 274.01780828036635 250 173 27
17.77321720123291 7.56289150853811e-12 52.67918572255585 274.01780828036635 250 173 27
17.820035219192505 7.56289150853811e-12 52.67918572255585 274.01780828036635 250 173 27
17.865914344787598 7.56289150853811e-12 52.67918572255585 274.01780828036635 250 173 27
17.913838863372803 7.56289150853811e-12 52.67918572255585 274.01780828036635 250 173 27
17.96126437187195 7.56289150853811e-12 52.67918572255585 274.01780828036635 250 173 27
18.00612473487854 7.56289150853811e-12 53.3723329031158 274.01780828036635 250 174 26
18.05202841758728 7.56289150853811e-12 53.3723329031158 274.01780828036635 250 174 26
18.09986186027527 7.56289150853811e-12 53.3723329031158 274.01780828036635 250 174 26
18.145246505737305 7.56289150853811e-12 53.3723329031158 274.01780828036635 250 174 26
18.190141201019287 7.56289150853811e-12 54.75862726423569 274.01780828036635 250 176 24
18.23652458190918 7.56289150853811e-12 54.75862726423569 274.01780828036635 250 176 24
18.282419681549072 7.56289150853811e-12 54.75862726423569 274.01780828036635 250 176 24
18.329294681549072 7.56289150853811e-12 54.75862726423569 274.01780828036635 250 176 24
18.376195907592773 7.56289150853811e-12 54.75862726423569 274.01780828036635 250 176 24
18.438557624816895 7.56289150853811e-12 54.75862726423569 274.01780828036635 250 176 24
18.484596729278564 7.56289150853811e-12 54.75862726423569 274.01780828036635 250 176 24
18.53275227546692 7.56289150853811e-12 54.75862726423569 274.01780828036635 250 176 24
18.578629970550537 7.56289150853811e-12 54.75862726423569 274.01780828036635 250 176 24
18.62354063987732 7.56289150853811e-12 54.75862726423569 274.01780828036635 250 176 24
18.673407554626465 7.56289150853811e-12 54.75862726423569 274.01780828036635 250 176 24
18.71879816055298 7.56289150853811e-12 54.75862726423569 274.01780828036635 250 176 24
18.766693830490112 7.56289150853811e-12 54.75862726423569 274.01780828036635 250 176 24
18.81507396697998 7.56289150853811e-12 55.45177444479564 274.01780828036635 250 177 23
18.861756086349487 7.56289150853811e-12 55.45177444479564 274.01780828036635 250 177 23
18.907617330551147 7.56289150853811e-12 56.144921625355586 274.01780828036635 250 178 22
18.957110166549683 7.56289150853811e-12 56.144921625355586 274.01780828036635 250 178 22
19.00521731376648 7.56289150853811e-12 56.144921625355586 274.01780828036635 250 178 22
19.050124168395996 7.56289150853811e-12 56.144921625355586 274.01780828036635 250 178 22
19.096027374267578 7.56289150853811e-12 56.83806880591553 274.01780828036635 250 179 21
19.14176106452942 7.56289150853811e-12 56.83806880591553 274.01780828036635 250 179 21
19.186197996139526 7.56289150853811e-12 56.83806880591553 274.01780828036635 250 179 21
19.2300808429718 7.56289150853811e-12 56.83806880591553 274.01780828036635 250 179 21
19.2761332988739 7.56289150853811e-12 56.83806880591553 274.01780828036635 250 179 21
19.32004404067993 7.56289150853811e-12 56.83806880591553 274.01780828036635 250 179 21
19.365896940231323 7.56289150853811e-12 56.83806880591553 274.01780828036635 250 179 21
19.411413431167603 7.56289150853811e-12 56.83806880591553 274.01780828036635 250 179 21
19.456456661224365 7.56289150853811e-12 56.83806880591553 274.01780828036635 250 179 21
19.501336574554443 7.56289150853811e-12 56.83806880591553 274.01780828036635 250 179 21
19.54657006263733 7.56289150853811e-12 56.83806880591553 274.01780828036635 250 179 21
19.590478658676147 7.56289150853811e-12 56.83806880591553 274.01780828036635 250 179 21
19.63535761833191 7.56289150853811e-12 56.83806880591553 274.01780828036635 250 179 21
19.681209564208984 7.56289150853811e-12 56.83806880591553 274.01780828036635 250 179 21
19.72559952735901 7.56289150853811e-12 56.83806880591553 274.01780828036635 250 179 21
19.770503759384155 7.56289150853811e-12 56.83806880591553 274.01780828036635 250 179 21
19.83241319656372 7.56289150853811e-12 56.83806880591553 274.01780828036635 250 179 21
19.877692222595215 7.56289150853811e-12 56.83806880591553 274.01780828036635 250 179 21
19.922765493392944 7.56289150853811e-12 56.83806880591553 274.01780828036635 250 179 21
19.96900510787964 7.56289150853811e-12 56.83806880591553 274.01780828036635 250 179 21
20.015130281448364 7.56289150853811e-12 56.83806880591553 274.01780828036635 250 179 21
20.062201499938965 7.56289150853811e-12 56.83806880591553 274.01780828036635 250 179 21
20.10615062713623 7.56289150853811e-12 56.83806880591553 274.01780828036635 250 179 21
20.15100646018982 7.56289150853811e-12 56.83806880591553 274.01780828036635 250 179 21
20.195395469665527 7.56289150853811e-12 56.83806880591553 274.01780828036635 250 179 21
20.24127721786499 7.56289150853811e-12 56.83806880591553 274.01780828036635 250 179 21
20.286596536636353 7.56289150853811e-12 56.83806880591553 274.01780828036635 250 179 21
20.332683324813843 7.56289150853811e-12 56.83806880591553 274.01780828036635 250 179 21
20.379558563232422 7.56289150853811e-12 56.83806880591553 274.01780828036635 250 179 21
20.424464464187622 7.56289150853811e-12 56.83806880591553 274.01780828036635 250 179 21
20.46893286705017 7.56289150853811e-12 56.83806880591553 274.01780828036635 250 179 21
20.51378607749939 7.56289150853811e-12 56.83806880591553 274.01780828036635 250 179 21
20.559691429138184 7.56289150853811e-12 57.53121598647548 274.01780828036635 250 180 20
20.606123208999634 7.56289150853811e-12 57.53121598647548 274.01780828036635 250 180 20
20.656025886535645 7.56289150853811e-12 57.53121598647548 274.01780828036635 250 180 20
20.70676875114441 7.56289150853811e-12 57.53121598647548 274.01780828036635 250 180 20
20.753661632537842 7.56289150853811e-12 57.53121598647548 274.01780828036635 250 180 20
20.801933526992798 7.56289150853811e-12 58.22436316703543 274.01780828036635 250 181 19
20.849408864974976 7.56289150853811e-12 58.91751034759537 274.01780828036635 250 182 18
20.896294593811035 7.56289150853811e-12 58.91751034759537 274.01780828036635 250 182 18
20.943193674087524 7.56289150853811e-12 59.610657528155315 274.01780828036635 250 183 17
20.990049362182617 7.56289150853811e-12 59.610657528155315 274.01780828036635 250 183 17
21.036431550979614 7.56289150853811e-12 59.610657528155315 274.01780828036635 250 183 17
21.083752393722534 7.56289150853811e-12 59.610657528155315 274.01780828036635 250 183 17
21.129680395126343 7.56289150853811e-12 59.610657528155315 274.01780828036635 250 183 17
21.17649793624878 7.56289150853811e-12 59.610657528155315 274.01780828036635 250 183 17
21.223349809646606 7.56289150853811e-12 59.610657528155315 274.01780828036635 250 183 17
21.284186363220215 7.56289150853811e-12 59.610657528155315 274.01780828036635 250 183 17
21.331060886383057 7.56289150853811e-12 59.610657528155315 274.01780828036635 250 183 17
21.376954555511475 7.56289150853811e-12 59.610657528155315 274.01780828036635 250 183 17
21.424853563308716 7.56289150853811e-12 59.610657528155315 274.01780828036635 250 183 17
21.470662832260132 7.56289150853811e-12 59.610657528155315 274.01780828036635 250 183 17
21.51603388786316 7.56289150853811e-12 59.610657528155315 274.01780828036635 250 183 17
21.56242036819458 7.56289150853811e-12 59.610657528155315 274.01780828036635 250 183 17
21.611918687820435 7.56289150853811e-12 59.610657528155315 274.01780828036635 250 183 17
21.657822370529175 7.56289150853811e-12 59.610657528155315 274.01780828036635 250 183 17
21.704724311828613 7.56289150853811e-12 59.610657528155315 274.01780828036635 250 183 17
21.75062584877014 7.56289150853811e-12 60.30380470871526 274.01780828036635 250 184 16
21.796976804733276 7.56289150853811e-12 60.30380470871526 274.01780828036635 250 184 16
21.844173908233643 7.56289150853811e-12 60.30380470871526 274.01780828036635 250 184 16
21.89401626586914 7.56289150853811e-12 60.30380470871526 274.01780828036635 250 184 16
21.94139838218689 7.56289150853811e-12 60.30380470871526 274.01780828036635 250 184 16
21.989269733428955 7.56289150853811e-12 60.30380470871526 274.01780828036635 250 184 16
22.03514862060547 7.56289150853811e-12 60.30380470871526 274.01780828036635 250 184 16
22.082942008972168 7.56289150853811e-12 60.30380470871526 274.01780828036635 250 184 16
22.129326105117798 7.56289150853811e-12 60.30380470871526 274.01780828036635 250 184 16
22.174424648284912 7.56289150853811e-12 60.30380470871526 274.01780828036635 250 184 16
22.221351146697998 7.56289150853811e-12 60.30380470871526 274.01780828036635 250 184 16
22.26822805404663 7.56289150853811e-12 60.30380470871526 274.01780828036635 250 184 16
22.316195726394653 7.56289150853811e-12 60.30380470871526 274.01780828036635 250 184 16
22.36316704750061 7.56289150853811e-12 60.30380470871526 274.01780828036635 250 184 16
22.40909767150879 7.56289150853811e-12 60.30380470871526 274.01780828036635 250 184 16
22.45386266708374 7.56289150853811e-12 60.30380470871526 274.01780828036635 250 184 16
22.49922466278076 7.56289150853811e-12 60.30380470871526 274.01780828036635 250 184 16
22.546098470687866 7.56289150853811e-12 60.30380470871526 274.01780828036635 250 184 16
22.59072756767273 7.56289150853811e-12 60.30380470871526 274.01780828036635 250 184 16
22.63481307029724 7.56289150853811e-12 60.30380470871526 274.01780828036635 250 184 16
22.697163581848145 7.56289150853811e-12 60.30380470871526 274.01780828036635 250 184 16
22.74204182624817 7.56289150853811e-12 60.30380470871526 274.01780828036635 250 184 16
22.787426471710205 7.56289150853811e-12 60.30380470871526 274.01780828036635 250 184 16
22.83333659172058 7.56289150853811e-12 60.30380470871526 274.01780828036635 250 184 16
22.87877583503723 7.56289150853811e-12 60.30380470871526 274.01780828036635 250 184 16
22.923301458358765 7.56289150853811e-12 60.30380470871526 274.01780828036635 250 184 16
22.969203233718872 7.56289150853811e-12 60.30380470871526 274.01780828036635 250 184 16
23.015056371688843 7.56289150853811e-12 60.30380470871526 274.01780828036635 250 184 16
23.062927722930908 7.56289150853811e-12 60.30380470871526 274.01780828036635 250 184 16
23.107625484466553 7.56289150853811e-12 60.30380470871526 274.01780828036635 250 184 16
23.153037309646606 7.56289150853811e-12 60.30380470871526 274.01780828036635 250 184 16
23.198225498199463 7.56289150853811e-12 60.30380470871526 274.01780828036635 250 184 16
23.244529008865356 7.56289150853811e-12 60.30380470871526 274.01780828036635 250 184 16
23.289408683776855 7.56289150853811e-12 60.30380470871526 274.01780828036635 250 184 16
23.334798097610474 7.56289150853811e-12 60.30380470871526 274.01780828036635 250 184 16
23.379754304885864 7.56289150853811e-12 60.30380470871526 274.01780828036635 250 184 16
23.424275159835815 7.56289150853811e-12 60.30380470871526 274.01780828036635 250 184 16
23.469544172286987 7.56289150853811e-12 60.30380470871526 274.01780828036635 250 184 16
23.514979124069214 7.56289150853811e-12 60.30380470871526 274.01780828036635 250 184 16
23.561447381973267 7.56289150853811e-12 60.30380470871526 274.01780828036635 250 184 16
23.607140064239502 7.56289150853811e-12 60.30380470871526 274.01780828036635 250 184 16
23.65203332901001 7.56289150853811e-12 60.30380470871526 274.01780828036635 250 184 16
23.697948217391968 7.56289150853811e-12 60.30380470871526 274.01780828036635 250 184 16
23.74339461326599 7.56289150853811e-12 60.30380470871526 274.01780828036635 250 184 16
23.7878839969635 7.56289150853811e-12 60.30380470871526 274.01780828036635 250 184 16
23.83254861831665 7.56289150853811e-12 60.30380470871526 274.01780828036635 250 184 16
23.87805700302124 7.56289150853811e-12 60.30380470871526 274.01780828036635 250 184 16
23.924535989761353 7.56289150853811e-12 60.30380470871526 274.01780828036635 250 184 16
23.970473766326904 7.56289150853811e-12 60.30380470871526 274.01780828036635 250 184 16
24.01788353919983 7.56289150853811e-12 60.30380470871526 274.01780828036635 250 184 16
24.06527590751648 7.56289150853811e-12 60.30380470871526 274.01780828036635 250 184 16
24.12417507171631 7.56289150853811e-12 60.30380470871526 274.01780828036635 250 184 16
24.16920828819275 7.56289150853811e-12 60.30380470871526 274.01780828036635 250 184 16
24.215766668319702 7.56289150853811e-12 60.30380470871526 274.01780828036635 250 184 16
24.259788513183594 7.56289150853811e-12 60.30380470871526 274.01780828036635 250 184 16
24.30731987953186 7.56289150853811e-12 60.30380470871526 274.01780828036635 250 184 16
24.35491681098938 7.56289150853811e-12 60.30380470871526 274.01780828036635 250 184 16
24.401477813720703 7.56289150853811e-12 60.30380470871526 274.01780828036635 250 184 16
24.44762372970581 7.56289150853811e-12 60.30380470871526 274.01780828036635 250 184 16
24.49513339996338 7.56289150853811e-12 60.30380470871526 274.01780828036635 250 184 16
24.542052745819092 7.56289150853811e-12 60.30380470871526 274.01780828036635 250 184 16
24.5884370803833 7.56289150853811e-12 60.30380470871526 274.01780828036635 250 184 16
24.634313583374023 7.56289150853811e-12 60.30380470871526 274.01780828036635 250 184 16
24.68323063850403 7.56289150853811e-12 60.30380470871526 274.01780828036635 250 184 16
24.727810382843018 7.56289150853811e-12 60.30380470871526 274.01780828036635 250 184 16
24.773280143737793 7.56289150853811e-12 60.30380470871526 274.01780828036635 250 184 16
24.82219409942627 7.56289150853811e-12 60.30380470871526 274.01780828036635 250 184 16
24.868122339248657 7.56289150853811e-12 60.30380470871526 274.01780828036635 250 184 16
24.916921138763428 7.56289150853811e-12 60.30380470871526 274.01780828036635 250 184 16
24.963250637054443 7.56289150853811e-12 60.30380470871526 274.01780828036635 250 184 16
25.00884199142456 7.56289150853811e-12 60.30380470871526 274.01780828036635 250 184 16
25.057238817214966 7.56289150853811e-12 60.30380470871526 274.01780828036635 250 184 16
25.103468894958496 7.56289150853811e-12 60.30380470871526 274.01780828036635 250 184 16
25.150410652160645 7.56289150853811e-12 60.30380470871526 274.01780828036635 250 184 16
25.19429326057434 7.56289150853811e-12 60.30380470871526 274.01780828036635 250 184 16
25.242148399353027 7.56289150853811e-12 60.30380470871526 274.01780828036635 250 184 16
25.287569046020508 7.56289150853811e-12 60.30380470871526 274.01780828036635 250 184 16
25.333260774612427 7.56289150853811e-12 60.30380470871526 274.01780828036635 250 184 16
25.380775690078735 7.56289150853811e-12 60.30380470871526 274.01780828036635 250 184 16
25.42635488510132 7.56289150853811e-12 60.30380470871526 274.01780828036635 250 184 16
25.472482442855835 7.56289150853811e-12 60.30380470871526 274.01780828036635 250 184 16
25.535008907318115 7.56289150853811e-12 60.30380470871526 274.01780828036635 250 184 16
25.582072496414185 7.56289150853811e-12 60.30380470871526 274.01780828036635 250 184 16
25.628403425216675 7.56289150853811e-12 60.30380470871526 274.01780828036635 250 184 16
25.673903703689575 7.56289150853811e-12 60.30380470871526 274.01780828036635 250 184 16
25.719306707382202 7.56289150853811e-12 60.30380470871526 274.01780828036635 250 184 16
25.768288135528564 7.56289150853811e-12 60.30380470871526 274.01780828036635 250 184 16
25.815670013427734 7.56289150853811e-12 60.30380470871526 274.01780828036635 250 184 16
25.863951444625854 7.56289150853811e-12 60.30380470871526 274.01780828036635 250 184 16
25.911064386367798 7.56289150853811e-12 60.30380470871526 274.01780828036635 250 184 16
25.95782971382141 7.56289150853811e-12 60.30380470871526 274.01780828036635 250 184 16
26.004711151123047 7.56289150853811e-12 60.30380470871526 274.01780828036635 250 184 16
26.05454659461975 7.56289150853811e-12 60.30380470871526 274.01780828036635 250 184 16
26.100457668304443 7.56289150853811e-12 60.30380470871526 274.01780828036635 250 184 16
26.14578104019165 7.56289150853811e-12 60.30380470871526 274.01780828036635 250 184 16
26.19049096107483 7.56289150853811e-12 60.30380470871526 274.01780828036635 250 184 16
26.235371112823486 7.56289150853811e-12 60.30380470871526 274.01780828036635 250 184 16
26.282265663146973 7.56289150853811e-12 60.30380470871526 274.01780828036635 250 184 16
26.32718253135681 7.56289150853811e-12 60.30380470871526 274.01780828036635 250 184 16
26.371689796447754 7.56289150853811e-12 60.30380470871526 274.01780828036635 250 184 16
26.417998790740967 7.56289150853811e-12 60.30380470871526 274.01780828036635 250 184 16
26.463988542556763 7.56289150853811e-12 60.30380470871526 274.01780828036635 250 184 16
26.510653495788574 7.56289150853811e-12 60.30380470871526 274.01780828036635 250 184 16
26.554864645004272 7.56289150853811e-12 60.30380470871526 274.01780828036635 250 184 16
26.599692583084106 7.56289150853811e-12 60.30380470871526 274.01780828036635 250 184 16
26.645190954208374 7.56289150853811e-12 60.30380470871526 274.01780828036635 250 184 16
26.691590309143066 7.56289150853811e-12 60.30380470871526 274.01780828036635 250 184 16
26.73747158050537 7.56289150853811e-12 60.30380470871526 274.01780828036635 250 184 16
26.781863689422607 7.56289150853811e-12 60.30380470871526 274.01780828036635 250 184 16
26.827311754226685 7.56289150853811e-12 60.30380470871526 274.01780828036635 250 184 16
26.873225688934326 7.56289150853811e-12 60.30380470871526 274.01780828036635 250 184 16
26.920246601104736 7.56289150853811e-12 60.99695188927521 274.01780828036635 250 185 15
26.979130029678345 7.56289150853811e-12 60.99695188927521 274.01780828036635 250 185 15
27.026865243911743 7.56289150853811e-12 60.99695188927521 274.01780828036635 250 185 15
27.072742700576782 7.56289150853811e-12 60.99695188927521 274.01780828036635 250 185 15
27.11786389350891 7.56289150853811e-12 60.99695188927521 274.01780828036635 250 185 15
27.162253856658936 7.56289150853811e-12 60.99695188927521 274.01780828036635 250 185 15
27.20613694190979 7.56289150853811e-12 60.99695188927521 274.01780828036635 250 185 15
27.253506660461426 7.56289150853811e-12 60.99695188927521 274.01780828036635 250 185 15
27.299609661102295 7.56289150853811e-12 60.99695188927521 274.01780828036635 250 185 15
27.346001386642456 7.56289150853811e-12 60.99695188927521 274.01780828036635 250 185 15
27.39133620262146 7.56289150853811e-12 60.99695188927521 274.01780828036635 250 185 15
27.435776710510254 7.56289150853811e-12 60.99695188927521 274.01780828036635 250 185 15
27.48165488243103 7.56289150853811e-12 60.99695188927521 274.01780828036635 250 185 15
27.526042938232422 7.56289150853811e-12 60.99695188927521 274.01780828036635 250 185 15
27.572583436965942 7.56289150853811e-12 60.99695188927521 274.01780828036635 250 185 15
27.61848545074463 7.56289150853811e-12 60.99695188927521 274.01780828036635 250 185 15
27.66287922859192 7.56289150853811e-12 60.99695188927521 274.01780828036635 250 185 15
27.70875334739685 7.56289150853811e-12 60.99695188927521 274.01780828036635 250 185 15
27.75463032722473 7.56289150853811e-12 60.99695188927521 274.01780828036635 250 185 15
27.80554747581482 7.56289150853811e-12 60.99695188927521 274.01780828036635 250 185 15
27.8516047000885 7.56289150853811e-12 60.99695188927521 274.01780828036635 250 185 15
27.898181915283203 7.56289150853811e-12 60.99695188927521 274.01780828036635 250 185 15
27.945597410202026 7.56289150853811e-12 60.99695188927521 274.01780828036635 250 185 15
27.990503072738647 7.56289150853811e-12 60.99695188927521 274.01780828036635 250 185 15
28.037380933761597 7.56289150853811e-12 60.99695188927521 274.01780828036635 250 185 15
28.084850072860718 7.56289150853811e-12 60.99695188927521 274.01780828036635 250 185 15
28.133150100708008 7.56289150853811e-12 60.99695188927521 274.01780828036635 250 185 15
28.180050373077393 7.56289150853811e-12 60.99695188927521 274.01780828036635 250 185 15
28.228922367095947 7.56289150853811e-12 60.99695188927521 274.01780828036635 250 185 15
28.275649309158325 7.56289150853811e-12 60.99695188927521 274.01780828036635 250 185 15
28.32381248474121 7.56289150853811e-12 60.99695188927521 274.01780828036635 250 185 15
28.38550043106079 7.56289150853811e-12 60.99695188927521 274.01780828036635 250 185 15
28.434889554977417 7.56289150853811e-12 60.99695188927521 274.01780828036635 250 185 15
28.48227047920227 7.56289150853811e-12 60.99695188927521 274.01780828036635 250 185 15
28.53054404258728 7.56289150853811e-12 60.99695188927521 274.01780828036635 250 185 15
28.57854700088501 7.56289150853811e-12 60.99695188927521 274.01780828036635 250 185 15
28.62442421913147 7.56289150853811e-12 60.99695188927521 274.01780828036635 250 185 15
28.670581102371216 7.56289150853811e-12 60.99695188927521 274.01780828036635 250 185 15
28.717066526412964 7.56289150853811e-12 60.99695188927521 274.01780828036635 250 185 15
28.764659643173218 7.56289150853811e-12 60.99695188927521 274.01780828036635 250 185 15
28.809552907943726 7.56289150853811e-12 60.99695188927521 274.01780828036635 250 185 15
28.856956243515015 7.56289150853811e-12 60.99695188927521 274.01780828036635 250 185 15
28.902857780456543 7.56289150853811e-12 60.99695188927521 274.01780828036635 250 185 15
28.95107650756836 7.56289150853811e-12 60.99695188927521 274.01780828036635 250 185 15
28.99997115135193 7.56289150853811e-12 60.99695188927521 274.01780828036635 250 185 15
29.04981303215027 7.56289150853811e-12 60.99695188927521 274.01780828036635 250 185 15
29.098846435546875 7.56289150853811e-12 60.99695188927521 274.01780828036635 250 185 15
29.14375066757202 7.56289150853811e-12 60.99695188927521 274.01780828036635 250 185 15
29.190218210220337 7.56289150853811e-12 60.99695188927521 274.01780828036635 250 185 15
29.23669457435608 7.56289150853811e-12 60.99695188927521 274.01780828036635 250 185 15
29.28254723548889 7.56289150853811e-12 60.99695188927521 274.01780828036635 250 185 15
29.329928159713745 7.56289150853811e-12 60.99695188927521 274.01780828036635 250 185 15
29.378305435180664 7.56289150853811e-12 60.99695188927521 274.01780828036635 250 185 15
29.423693895339966 7.56289150853811e-12 60.99695188927521 274.01780828036635 250 185 15
29.469079971313477 7.56289150853811e-12 60.99695188927521 274.01780828036635 250 185 15
29.513962984085083 7.56289150853811e-12 60.99695188927521 274.01780828036635 250 185 15
29.55884289741516 7.56289150853811e-12 60.99695188927521 274.01780828036635 250 185 15
29.60430359840393 7.56289150853811e-12 60.99695188927521 274.01780828036635 250 185 15
29.649768352508545 7.56289150853811e-12 60.99695188927521 274.01780828036635 250 185 15
29.694498538970947 7.56289150853811e-12 60.99695188927521 274.01780828036635 250 185 15
29.74043893814087 7.56289150853811e-12 60.99695188927521 274.01780828036635 250 185 15
29.787364959716797 7.56289150853811e-12 60.99695188927521 274.01780828036635 250 185 15
29.845805168151855 7.56289150853811e-12 60.99695188927521 274.01780828036635 250 185 15
29.890196561813354 7.56289150853811e-12 60.99695188927521 274.01780828036635 250 185 15
29.93554925918579 7.56289150853811e-12 60.99695188927521 274.01780828036635 250 185 15
29.981399536132812 7.56289150853811e-12 60.99695188927521 274.01780828036635 250 185 15
30.02700400352478 7.56289150853811e-12 60.99695188927521 274.01780828036635 250 185 15
30.07489514350891 7.56289150853811e-12 60.99695188927521 274.01780828036635 250 185 15
30.119781732559204 7.56289150853811e-12 60.99695188927521 274.01780828036635 250 185 15
30.165142059326172 7.56289150853811e-12 60.99695188927521 274.01780828036635 250 185 15
30.21101975440979 7.56289150853811e-12 60.99695188927521 274.01780828036635 250 185 15
30.256455659866333 7.56289150853811e-12 60.99695188927521 274.01780828036635 250 185 15
30.30133891105652 7.56289150853811e-12 60.99695188927521 274.01780828036635 250 185 15
30.347771644592285 7.56289150853811e-12 60.99695188927521 274.01780828036635 250 185 15
30.394428968429565 7.56289150853811e-12 60.99695188927521 274.01780828036635 250 185 15
30.440314292907715 7.56289150853811e-12 60.99695188927521 274.01780828036635 250 185 15
30.48543953895569 7.56289150853811e-12 61.690099069835156 274.01780828036635 250 186 14
30.531290769577026 7.56289150853811e-12 61.690099069835156 274.01780828036635 250 186 14
30.575173377990723 7.56289150853811e-12 61.690099069835156 274.01780828036635 250 186 14
30.620086431503296 7.56289150853811e-12 61.690099069835156 274.01780828036635 250 186 14
30.66444730758667 7.56289150853811e-12 61.690099069835156 274.01780828036635 250 186 14
30.710327625274658 7.56289150853811e-12 61.690099069835156 274.01780828036635 250 186 14
30.756196975708008 7.56289150853811e-12 61.690099069835156 274.01780828036635 250 186 14
30.80207395553589 7.56289150853811e-12 61.690099069835156 274.01780828036635 250 186 14
30.848530054092407 7.56289150853811e-12 61.690099069835156 274.01780828036635 250 186 14
30.893436431884766 7.56289150853811e-12 61.690099069835156 274.01780828036635 250 186 14
30.93831992149353 7.56289150853811e-12 61.690099069835156 274.01780828036635 250 186 14
30.98321294784546 7.56289150853811e-12 61.690099069835156 274.01780828036635 250 186 14
31.029571294784546 7.56289150853811e-12 61.690099069835156 274.01780828036635 250 186 14
31.075273036956787 7.56289150853811e-12 62.3832462503951 274.01780828036635 250 187 13
31.122150421142578 7.56289150853811e-12 62.3832462503951 274.01780828036635 250 187 13
31.168028831481934 7.56289150853811e-12 62.3832462503951 274.01780828036635 250 187 13
31.230888605117798 7.56289150853811e-12 62.3832462503951 274.01780828036635 250 187 13
31.27627420425415 7.56289150853811e-12 62.3832462503951 274.01780828036635 250 187 13
31.325167655944824 7.56289150853811e-12 62.3832462503951 274.01780828036635 250 187 13
31.370512008666992 7.56289150853811e-12 62.3832462503951 274.01780828036635 250 187 13
31.418394565582275 7.56289150853811e-12 62.3832462503951 274.01780828036635 250 187 13
31.463713884353638 7.56289150853811e-12 62.3832462503951 274.01780828036635 250 187 13
31.510305166244507 7.56289150853811e-12 62.3832462503951 274.01780828036635 250 187 13
31.557756662368774 7.56289150853811e-12 62.3832462503951 274.01780828036635 250 187 13
31.603236436843872 7.56289150853811e-12 63.07639343095505 274.01780828036635 250 188 12
31.65065574645996 7.56289150853811e-12 63.07639343095505 274.01780828036635 250 188 12
31.697530269622803 7.56289150853811e-12 63.07639343095505 274.01780828036635 250 188 12
31.74440622329712 7.56289150853811e-12 63.07639343095505 274.01780828036635 250 188 12
31.790789365768433 7.56289150853811e-12 63.07639343095505 274.01780828036635 250 188 12
31.837172508239746 7.56289150853811e-12 63.07639343095505 274.01780828036635 250 188 12
31.883487939834595 7.56289150853811e-12 63.07639343095505 274.01780828036635 250 188 12
31.930386543273926 7.56289150853811e-12 63.07639343095505 274.01780828036635 250 188 12
31.9758358001709 7.56289150853811e-12 63.07639343095505 274.01780828036635 250 188 12
32.023980379104614 7.56289150853811e-12 63.07639343095505 274.01780828036635 250 188 12
32.071855545043945 7.56289150853811e-12 63.07639343095505 274.01780828036635 250 188 12
32.11879754066467 7.56289150853811e-12 63.07639343095505 274.01780828036635 250 188 12
32.16518020629883 7.56289150853811e-12 63.07639343095505 274.01780828036635 250 188 12
32.2123908996582 7.56289150853811e-12 63.07639343095505 274.01780828036635 250 188 12
32.259772062301636 7.56289150853811e-12 63.07639343095505 274.01780828036635 250 188 12
32.305164098739624 7.56289150853811e-12 63.07639343095505 274.01780828036635 250 188 12
32.355154275894165 7.56289150853811e-12 63.07639343095505 274.01780828036635 250 188 12
32.40055322647095 7.56289150853811e-12 63.07639343095505 274.01780828036635 250 188 12
32.44986343383789 7.56289150853811e-12 63.07639343095505 274.01780828036635 250 188 12
32.49824047088623 7.56289150853811e-12 63.07639343095505 274.01780828036635 250 188 12
32.544145584106445 7.56289150853811e-12 63.07639343095505 274.01780828036635 250 188 12
32.58955478668213 7.56289150853811e-12 63.07639343095505 274.01780828036635 250 188 12
32.6370062828064 7.56289150853811e-12 63.07639343095505 274.01780828036635 250 188 12
32.70009636878967 7.56289150853811e-12 63.07639343095505 274.01780828036635 250 188 12
32.74479913711548 7.56289150853811e-12 63.07639343095505 274.01780828036635 250 188 12
32.79121208190918 7.56289150853811e-12 63.07639343095505 274.01780828036635 250 188 12
32.83650755882263 7.56289150853811e-12 63.07639343095505 274.01780828036635 250 188 12
32.882487773895264 7.56289150853811e-12 63.07639343095505 274.01780828036635 250 188 12
32.92769527435303 7.56289150853811e-12 63.07639343095505 274.01780828036635 250 188 12
32.97113656997681 7.56289150853811e-12 63.07639343095505 274.01780828036635 250 188 12
33.01698875427246 7.56289150853811e-12 63.07639343095505 274.01780828036635 250 188 12
33.063292264938354 7.56289150853811e-12 63.07639343095505 274.01780828036635 250 188 12
33.109195947647095 7.56289150853811e-12 63.07639343095505 274.01780828036635 250 188 12
33.15358328819275 7.56289150853811e-12 63.07639343095505 274.01780828036635 250 188 12
33.19797086715698 7.56289150853811e-12 63.07639343095505 274.01780828036635 250 188 12
33.244354009628296 7.56289150853811e-12 63.07639343095505 274.01780828036635 250 188 12
33.29026412963867 7.56289150853811e-12 63.07639343095505 274.01780828036635 250 188 12
33.33459782600403 7.56289150853811e-12 63.07639343095505 274.01780828036635 250 188 12
33.37950897216797 7.56289150853811e-12 63.07639343095505 274.01780828036635 250 188 12
33.423943758010864 7.56289150853811e-12 63.07639343095505 274.01780828036635 250 188 12
33.46882629394531 7.56289150853811e-12 63.07639343095505 274.01780828036635 250 188 12
33.51418423652649 7.56289150853811e-12 63.07639343095505 274.01780828036635 250 188 12
33.56006169319153 7.56289150853811e-12 63.07639343095505 274.01780828036635 250 188 12
33.60644793510437 7.56289150853811e-12 63.07639343095505 274.01780828036635 250 188 12
33.65232753753662 7.56289150853811e-12 63.07639343095505 274.01780828036635 250 188 12
33.696847677230835 7.56289150853811e-12 63.07639343095505 274.01780828036635 250 188 12
33.74223351478577 7.56289150853811e-12 63.07639343095505 274.01780828036635 250 188 12
33.789374351501465 7.56289150853811e-12 63.07639343095505 274.01780828036635 250 188 12
33.83425426483154 7.56289150853811e-12 63.07639343095505 274.01780828036635 250 188 12
33.88249182701111 7.56289150853811e-12 63.07639343095505 274.01780828036635 250 188 12
33.92939019203186 7.56289150853811e-12 63.07639343095505 274.01780828036635 250 188 12
33.97507429122925 7.56289150853811e-12 63.07639343095505 274.01780828036635 250 188 12
34.020671129226685 7.56289150853811e-12 63.07639343095505 274.01780828036635 250 188 12
34.08301115036011 7.56289150853811e-12 63.07639343095505 274.01780828036635 250 188 12
34.12839674949646 7.56289150853811e-12 63.07639343095505 274.01780828036635 250 188 12
34.1742742061615 7.56289150853811e-12 63.07639343095505 274.01780828036635 250 188 12
34.21902561187744 7.56289150853811e-12 63.07639343095505 274.01780828036635 250 188 12
34.26590132713318 7.56289150853811e-12 63.07639343095505 274.01780828036635 250 188 12
34.31191086769104 7.56289150853811e-12 63.07639343095505 274.01780828036635 250 188 12
34.358341455459595 7.56289150853811e-12 63.07639343095505 274.01780828036635 250 188 12
34.406211376190186 7.56289150853811e-12 63.07639343095505 274.01780828036635 250 188 12
34.452064752578735 7.56289150853811e-12 63.07639343095505 274.01780828036635 250 188 12
34.49844980239868 7.56289150853811e-12 63.07639343095505 274.01780828036635 250 188 12
34.54536056518555 7.56289150853811e-12 63.07639343095505 274.01780828036635 250 188 12
34.592042684555054 7.56289150853811e-12 63.07639343095505 274.01780828036635 250 188 12
34.63992738723755 7.56289150853811e-12 63.07639343095505 274.01780828036635 250 188 12
34.68561387062073 7.56289150853811e-12 63.07639343095505 274.01780828036635 250 188 12
34.734459400177 7.56289150853811e-12 63.07639343095505 274.01780828036635 250 188 12
34.7834095954895 7.56289150853811e-12 63.07639343095505 274.01780828036635 250 188 12
34.831313133239746 7.56289150853811e-12 63.07639343095505 274.01780828036635 250 188 12
34.87917995452881 7.56289150853811e-12 63.07639343095505 274.01780828036635 250 188 12
34.92807698249817 7.56289150853811e-12 63.07639343095505 274.01780828036635 250 188 12
34.973936796188354 7.56289150853811e-12 63.07639343095505 274.01780828036635 250 188 12
35.02305364608765 7.56289150853811e-12 63.07639343095505 274.01780828036635 250 188 12
35.06992554664612 7.56289150853811e-12 63.07639343095505 274.01780828036635 250 188 12
35.119312047958374 7.56289150853811e-12 63.07639343095505 274.01780828036635 250 188 12
35.166186571121216 7.56289150853811e-12 63.07639343095505 274.01780828036635 250 188 12
35.21306490898132 7.56289150853811e-12 63.07639343095505 274.01780828036635 250 188 12
35.2604455947876 7.56289150853811e-12 63.07639343095505 274.01780828036635 250 188 12
35.3053252696991 7.56289150853811e-12 63.769540611515 274.01780828036635 250 189 11
35.35220217704773 7.56289150853811e-12 63.769540611515 274.01780828036635 250 189 11
35.400126218795776 7.56289150853811e-12 63.769540611515 274.01780828036635 250 189 11
35.4490602016449 7.56289150853811e-12 63.769540611515 274.01780828036635 250 189 11
35.495444536209106 7.56289150853811e-12 63.769540611515 274.01780828036635 250 189 11
35.558300495147705 7.56289150853811e-12 63.769540611515 274.01780828036635 250 189 11
35.604153871536255 7.56289150853811e-12 63.769540611515 274.01780828036635 250 189 11
35.6510283946991 7.56289150853811e-12 63.769540611515 274.01780828036635 250 189 11
35.69960165023804 7.56289150853811e-12 63.769540611515 274.01780828036635 250 189 11
35.74647498130798 7.56289150853811e-12 63.769540611515 274.01780828036635 250 189 11
35.79529643058777 7.56289150853811e-12 63.769540611515 274.01780828036635 250 189 11
35.840798139572144 7.56289150853811e-12 63.769540611515 274.01780828036635 250 189 11
35.88922595977783 7.56289150853811e-12 63.769540611515 274.01780828036635 250 189 11
35.93612885475159 7.56289150853811e-12 63.769540611515 274.01780828036635 250 189 11
35.982170820236206 7.56289150853811e-12 63.769540611515 274.01780828036635 250 189 11
36.02906894683838 7.56289150853811e-12 63.769540611515 274.01780828036635 250 189 11
36.074997663497925 7.56289150853811e-12 63.769540611515 274.01780828036635 250 189 11
36.122440814971924 7.56289150853811e-12 63.769540611515 274.01780828036635 250 189 11
36.167319774627686 7.56289150853811e-12 63.769540611515 274.01780828036635 250 189 11
36.21179485321045 7.56289150853811e-12 63.769540611515 274.01780828036635 250 189 11
36.257081508636475 7.56289150853811e-12 63.769540611515 274.01780828036635 250 189 11
36.30201697349548 7.56289150853811e-12 63.769540611515 274.01780828036635 250 189 11
36.346872091293335 7.56289150853811e-12 63.769540611515 274.01780828036635 250 189 11
36.39545440673828 7.56289150853811e-12 63.769540611515 274.01780828036635 250 189 11
36.440917015075684 7.56289150853811e-12 63.769540611515 274.01780828036635 250 189 11
36.48506426811218 7.56289150853811e-12 63.769540611515 274.01780828036635 250 189 11
36.53052473068237 7.56289150853811e-12 63.769540611515 274.01780828036635 250 189 11
36.575432538986206 7.56289150853811e-12 63.769540611515 274.01780828036635 250 189 11
36.62071895599365 7.56289150853811e-12 63.769540611515 274.01780828036635 250 189 11
36.66480875015259 7.56289150853811e-12 63.769540611515 274.01780828036635 250 189 11
36.70969557762146 7.56289150853811e-12 63.769540611515 274.01780828036635 250 189 11
36.75598335266113 7.56289150853811e-12 63.769540611515 274.01780828036635 250 189 11
36.80193114280701 7.56289150853811e-12 63.769540611515 274.01780828036635 250 189 11
36.846822023391724 7.56289150853811e-12 63.769540611515 274.01780828036635 250 189 11
36.892215728759766 7.56289150853811e-12 63.769540611515 274.01780828036635 250 189 11
36.95245552062988 7.56289150853811e-12 63.769540611515 274.01780828036635 250 189 11
36.99728775024414 7.56289150853811e-12 63.769540611515 274.01780828036635 250 189 11
37.04267334938049 7.56289150853811e-12 63.769540611515 274.01780828036635 250 189 11
37.08805990219116 7.56289150853811e-12 63.769540611515 274.01780828036635 250 189 11
37.13448143005371 7.56289150853811e-12 63.769540611515 274.01780828036635 250 189 11
37.1793372631073 7.56289150853811e-12 63.769540611515 274.01780828036635 250 189 11
37.225720167160034 7.56289150853811e-12 63.769540611515 274.01780828036635 250 189 11
37.270368814468384 7.56289150853811e-12 63.769540611515 274.01780828036635 250 189 11
37.315757513046265 7.56289150853811e-12 63.769540611515 274.01780828036635 250 189 11
37.3611421585083 7.56289150853811e-12 63.769540611515 274.01780828036635 250 189 11
37.40602469444275 7.56289150853811e-12 64.46268779207495 274.01780828036635 250 190 10
37.45289993286133 7.56289150853811e-12 64.46268779207495 274.01780828036635 250 190 10
37.49837923049927 7.56289150853811e-12 64.46268779207495 274.01780828036635 250 190 10
37.54376697540283 7.56289150853811e-12 64.46268779207495 274.01780828036635 250 190 10
37.58764934539795 7.56289150853811e-12 64.46268779207495 274.01780828036635 250 190 10
37.63352704048157 7.56289150853811e-12 64.46268779207495 274.01780828036635 250 190 10
37.6778404712677 7.56289150853811e-12 64.46268779207495 274.01780828036635 250 190 10
37.72369050979614 7.56289150853811e-12 64.46268779207495 274.01780828036635 250 190 10
37.76808261871338 7.56289150853811e-12 64.46268779207495 274.01780828036635 250 190 10
37.81498837471008 7.56289150853811e-12 64.46268779207495 274.01780828036635 250 190 10
37.860865354537964 7.56289150853811e-12 64.46268779207495 274.01780828036635 250 190 10
37.90625047683716 7.56289150853811e-12 64.46268779207495 274.01780828036635 250 190 10
37.952128171920776 7.56289150853811e-12 64.46268779207495 274.01780828036635 250 190 10
37.99851131439209 7.56289150853811e-12 64.46268779207495 274.01780828036635 250 190 10
38.04638338088989 7.56289150853811e-12 64.46268779207495 274.01780828036635 250 190 10
38.092607498168945 7.56289150853811e-12 64.46268779207495 274.01780828036635 250 190 10
38.139012575149536 7.56289150853811e-12 64.46268779207495 274.01780828036635 250 190 10
38.18491244316101 7.56289150853811e-12 64.46268779207495 274.01780828036635 250 190 10
38.2328405380249 7.56289150853811e-12 64.46268779207495 274.01780828036635 250 190 10
38.27736043930054 7.56289150853811e-12 64.46268779207495 274.01780828036635 250 190 10
38.322978258132935 7.56289150853811e-12 64.46268779207495 274.01780828036635 250 190 10
38.384456157684326 7.56289150853811e-12 64.46268779207495 274.01780828036635 250 190 10
38.43032622337341 7.56289150853811e-12 64.46268779207495 274.01780828036635 250 190 10
38.47576832771301 7.56289150853811e-12 64.46268779207495 274.01780828036635 250 190 10
38.52208662033081 7.56289150853811e-12 64.46268779207495 274.01780828036635 250 190 10
38.56896138191223 7.56289150853811e-12 64.46268779207495 274.01780828036635 250 190 10
38.61584424972534 7.56289150853811e-12 64.46268779207495 274.01780828036635 250 190 10
38.662222385406494 7.56289150853811e-12 64.46268779207495 274.01780828036635 250 190 10
38.70810103416443 7.56289150853811e-12 64.46268779207495 274.01780828036635 250 190 10
38.75697302818298 7.56289150853811e-12 64.46268779207495 274.01780828036635 250 190 10
38.80435347557068 7.56289150853811e-12 64.46268779207495 274.01780828036635 250 190 10
38.85126328468323 7.56289150853811e-12 64.46268779207495 274.01780828036635 250 190 10
38.8997278213501 7.56289150853811e-12 64.46268779207495 274.01780828036635 250 190 10
38.944947242736816 7.56289150853811e-12 64.46268779207495 274.01780828036635 250 190 10
38.993168354034424 7.56289150853811e-12 64.46268779207495 274.01780828036635 250 190 10
39.040135860443115 7.56289150853811e-12 64.46268779207495 274.01780828036635 250 190 10
39.08915376663208 7.56289150853811e-12 64.46268779207495 274.01780828036635 250 190 10
39.13508200645447 7.56289150853811e-12 64.46268779207495 274.01780828036635 250 190 10
39.182472944259644 7.56289150853811e-12 64.46268779207495 274.01780828036635 250 190 10
39.22920227050781 7.56289150853811e-12 64.46268779207495 274.01780828036635 250 190 10
39.275635719299316 7.56289150853811e-12 64.46268779207495 274.01780828036635 250 190 10
39.32201957702637 7.56289150853811e-12 64.46268779207495 274.01780828036635 250 190 10
39.36820411682129 7.56289150853811e-12 64.46268779207495 274.01780828036635 250 190 10
39.415103912353516 7.56289150853811e-12 64.46268779207495 274.01780828036635 250 190 10
39.46095848083496 7.56289150853811e-12 64.46268779207495 274.01780828036635 250 190 10
39.507020473480225 7.56289150853811e-12 64.46268779207495 274.01780828036635 250 190 10
39.55303740501404 7.56289150853811e-12 64.46268779207495 274.01780828036635 250 190 10
39.59918975830078 7.56289150853811e-12 64.46268779207495 274.01780828036635 250 190 10
39.646543979644775 7.56289150853811e-12 64.46268779207495 274.01780828036635 250 190 10
39.69292640686035 7.56289150853811e-12 64.46268779207495 274.01780828036635 250 190 10
39.74031114578247 7.56289150853811e-12 64.46268779207495 274.01780828036635 250 190 10
39.80017423629761 7.56289150853811e-12 64.46268779207495 274.01780828036635 250 190 10
39.84459066390991 7.56289150853811e-12 64.46268779207495 274.01780828036635 250 190 10
39.88947057723999 7.56289150853811e-12 64.46268779207495 274.01780828036635 250 190 10
39.93437457084656 7.56289150853811e-12 64.46268779207495 274.01780828036635 250 190 10
39.978312253952026 7.56289150853811e-12 64.46268779207495 274.01780828036635 250 190 10
40.02321243286133 7.56289150853811e-12 64.46268779207495 274.01780828036635 250 190 10
40.06862282752991 7.56289150853811e-12 64.46268779207495 274.01780828036635 250 190 10
40.11452054977417 7.56289150853811e-12 64.46268779207495 274.01780828036635 250 190 10
40.16039752960205 7.56289150853811e-12 64.46268779207495 274.01780828036635 250 190 10
40.20567750930786 7.56289150853811e-12 64.46268779207495 274.01780828036635 250 190 10
40.2510871887207 7.56289150853811e-12 64.46268779207495 274.01780828036635 250 190 10
40.29549217224121 7.56289150853811e-12 64.46268779207495 274.01780828036635 250 190 10
40.3422372341156 7.56289150853811e-12 64.46268779207495 274.01780828036635 250 190 10
40.38908815383911 7.56289150853811e-12 64.46268779207495 274.01780828036635 250 190 10
40.433475494384766 7.56289150853811e-12 64.46268779207495 274.01780828036635 250 190 10
40.478389739990234 7.56289150853811e-12 64.46268779207495 274.01780828036635 250 190 10
40.52327275276184 7.56289150853811e-12 64.46268779207495 274.01780828036635 250 190 10
40.56815266609192 7.56289150853811e-12 64.46268779207495 274.01780828036635 250 190 10
40.614046573638916 7.56289150853811e-12 64.46268779207495 274.01780828036635 250 190 10
40.65970730781555 7.56289150853811e-12 64.46268779207495 274.01780828036635 250 190 10
40.70453238487244 7.56289150853811e-12 64.46268779207495 274.01780828036635 250 190 10
40.7494432926178 7.56289150853811e-12 64.46268779207495 274.01780828036635 250 190 10
40.79408597946167 7.56289150853811e-12 64.46268779207495 274.01780828036635 250 190 10
40.83898997306824 7.56289150853811e-12 64.46268779207495 274.01780828036635 250 190 10
40.884427547454834 7.56289150853811e-12 64.46268779207495 274.01780828036635 250 190 10
40.929335832595825 7.56289150853811e-12 64.46268779207495 274.01780828036635 250 190 10
40.975213050842285 7.56289150853811e-12 64.46268779207495 274.01780828036635 250 190 10
41.02192711830139 7.56289150853811e-12 64.46268779207495 274.01780828036635 250 190 10
41.067288398742676 7.56289150853811e-12 64.46268779207495 274.01780828036635 250 190 10
41.11216855049133 7.56289150853811e-12 64.46268779207495 274.01780828036635 250 190 10
41.15804576873779 7.56289150853811e-12 64.46268779207495 274.01780828036635 250 190 10
41.216399908065796 7.56289150853811e-12 64.46268779207495 274.01780828036635 250 190 10
41.263325214385986 7.56289150853811e-12 64.46268779207495 274.01780828036635 250 190 10
41.30868649482727 7.56289150853811e-12 64.46268779207495 274.01780828036635 250 190 10
41.35609722137451 7.56289150853811e-12 64.46268779207495 274.01780828036635 250 190 10
41.4019501209259 7.56289150853811e-12 64.46268779207495 274.01780828036635 250 190 10
41.44710969924927 7.56289150853811e-12 64.46268779207495 274.01780828036635 250 190 10
41.49398350715637 7.56289150853811e-12 64.46268779207495 274.01780828036635 250 190 10
41.53886866569519 7.56289150853811e-12 64.46268779207495 274.01780828036635 250 190 10
41.587762117385864 7.56289150853811e-12 64.46268779207495 274.01780828036635 250 190 10
41.633589029312134 7.56289150853811e-12 64.46268779207495 274.01780828036635 250 190 10
41.6808762550354 7.56289150853811e-12 64.46268779207495 274.01780828036635 250 190 10
41.72779202461243 7.56289150853811e-12 64.46268779207495 274.01780828036635 250 190 10
41.77422261238098 7.56289150853811e-12 64.46268779207495 274.01780828036635 250 190 10
41.81912922859192 7.56289150853811e-12 64.46268779207495 274.01780828036635 250 190 10
41.866004943847656 7.56289150853811e-12 64.46268779207495 274.01780828036635 250 190 10
41.91438317298889 7.56289150853811e-12 64.46268779207495 274.01780828036635 250 190 10
41.96228528022766 7.56289150853811e-12 64.46268779207495 274.01780828036635 250 190 10
42.00818848609924 7.56289150853811e-12 64.46268779207495 274.01780828036635 250 190 10
42.055577516555786 7.56289150853811e-12 64.46268779207495 274.01780828036635 250 190 10
42.10202121734619 7.56289150853811e-12 64.46268779207495 274.01780828036635 250 190 10
42.15441298484802 7.56289150853811e-12 64.46268779207495 274.01780828036635 250 190 10
42.20525336265564 7.56289150853811e-12 64.46268779207495 274.01780828036635 250 190 10
42.25412178039551 7.56289150853811e-12 64.46268779207495 274.01780828036635 250 190 10
42.30499076843262 7.56289150853811e-12 64.46268779207495 274.01780828036635 250 190 10
42.358481884002686 7.56289150853811e-12 64.46268779207495 274.01780828036635 250 190 10
42.40947866439819 7.56289150853811e-12 64.46268779207495 274.01780828036635 250 190 10
42.46321511268616 7.56289150853811e-12 64.46268779207495 274.01780828036635 250 190 10
42.51264548301697 7.56289150853811e-12 64.46268779207495 274.01780828036635 250 190 10
42.55854678153992 7.56289150853811e-12 64.46268779207495 274.01780828036635 250 190 10
42.60496377944946 7.56289150853811e-12 64.46268779207495 274.01780828036635 250 190 10
42.66747784614563 7.56289150853811e-12 64.46268779207495 274.01780828036635 250 190 10
42.7158317565918 7.56289150853811e-12 64.46268779207495 274.01780828036635 250 190 10
42.762213945388794 7.56289150853811e-12 64.46268779207495 274.01780828036635 250 190 10
42.808091163635254 7.56289150853811e-12 64.46268779207495 274.01780828036635 250 190 10
42.85396862030029 7.56289150853811e-12 64.46268779207495 274.01780828036635 250 190 10
42.901352882385254 7.56289150853811e-12 64.46268779207495 274.01780828036635 250 190 10
42.94970512390137 7.56289150853811e-12 64.46268779207495 274.01780828036635 250 190 10
42.9989972114563 7.56289150853811e-12 64.46268779207495 274.01780828036635 250 190 10
43.04729747772217 7.56289150853811e-12 64.46268779207495 274.01780828036635 250 190 10
43.0926833152771 7.56289150853811e-12 64.46268779207495 274.01780828036635 250 190 10
43.14055609703064 7.56289150853811e-12 64.46268779207495 274.01780828036635 250 190 10
43.19351267814636 7.56289150853811e-12 64.46268779207495 274.01780828036635 250 190 10
43.24135088920593 7.56289150853811e-12 64.46268779207495 274.01780828036635 250 190 10
43.28606462478638 7.56289150853811e-12 64.46268779207495 274.01780828036635 250 190 10
43.33391189575195 7.56289150853811e-12 64.46268779207495 274.01780828036635 250 190 10
43.382019996643066 7.56289150853811e-12 64.46268779207495 274.01780828036635 250 190 10
43.428394079208374 7.56289150853811e-12 64.46268779207495 274.01780828036635 250 190 10
43.47529315948486 7.56289150853811e-12 64.46268779207495 274.01780828036635 250 190 10
43.52912497520447 7.56289150853811e-12 64.46268779207495 274.01780828036635 250 190 10
43.57401204109192 7.56289150853811e-12 64.46268779207495 274.01780828036635 250 190 10
43.618542432785034 7.56289150853811e-12 64.46268779207495 274.01780828036635 250 190 10
43.66537117958069 7.56289150853811e-12 64.46268779207495 274.01780828036635 250 190 10
43.71227145195007 7.56289150853811e-12 64.46268779207495 274.01780828036635 250 190 10
43.758376121520996 7.56289150853811e-12 64.46268779207495 274.01780828036635 250 190 10
43.803255796432495 7.56289150853811e-12 64.46268779207495 274.01780828036635 250 190 10
43.85265517234802 7.56289150853811e-12 64.46268779207495 274.01780828036635 250 190 10
43.8975350856781 7.56289150853811e-12 64.46268779207495 274.01780828036635 250 190 10
43.9430673122406 7.56289150853811e-12 64.46268779207495 274.01780828036635 250 190 10
43.98807454109192 7.56289150853811e-12 64.46268779207495 274.01780828036635 250 190 10
44.03300499916077 7.56289150853811e-12 64.46268779207495 274.01780828036635 250 190 10
44.07836580276489 7.56289150853811e-12 64.46268779207495 274.01780828036635 250 190 10
44.13615131378174 7.56289150853811e-12 64.46268779207495 274.01780828036635 250 190 10
44.187843799591064 7.56289150853811e-12 64.46268779207495 274.01780828036635 250 190 10
44.236204862594604 7.56289150853811e-12 64.46268779207495 274.01780828036635 250 190 10
44.291701316833496 7.56289150853811e-12 64.46268779207495 274.01780828036635 250 190 10
44.33991765975952 7.56289150853811e-12 64.46268779207495 274.01780828036635 250 190 10
44.389458656311035 7.56289150853811e-12 64.46268779207495 274.01780828036635 250 190 10
44.43735480308533 7.56289150853811e-12 64.46268779207495 274.01780828036635 250 190 10
44.48422908782959 7.56289150853811e-12 64.46268779207495 274.01780828036635 250 190 10
44.529959201812744 7.56289150853811e-12 64.46268779207495 274.01780828036635 250 190 10
44.57738280296326 7.56289150853811e-12 64.46268779207495 274.01780828036635 250 190 10
44.62326622009277 7.56289150853811e-12 64.46268779207495 274.01780828036635 250 190 10
44.66774916648865 7.56289150853811e-12 64.46268779207495 274.01780828036635 250 190 10
44.71368217468262 7.56289150853811e-12 64.46268779207495 274.01780828036635 250 190 10
44.7595591545105 7.56289150853811e-12 64.46268779207495 274.01780828036635 250 190 10
44.804439544677734 7.56289150853811e-12 64.46268779207495 274.01780828036635 250 190 10
44.852311849594116 7.56289150853811e-12 64.46268779207495 274.01780828036635 250 190 10
44.896196365356445 7.56289150853811e-12 64.46268779207495 274.01780828036635 250 190 10
44.941949129104614 7.56289150853811e-12 64.46268779207495 274.01780828036635 250 190 10
44.98785948753357 7.56289150853811e-12 64.46268779207495 274.01780828036635 250 190 10
45.03216505050659 7.56289150853811e-12 64.46268779207495 274.01780828036635 250 190 10
45.077210426330566 7.56289150853811e-12 64.46268779207495 274.01780828036635 250 190 10
45.12261438369751 7.56289150853811e-12 65.15583497263489 274.01780828036635 250 191 9
45.167508363723755 7.56289150853811e-12 65.15583497263489 274.01780828036635 250 191 9
45.21080470085144 7.56289150853811e-12 65.15583497263489 274.01780828036635 250 191 9
45.255852699279785 7.56289150853811e-12 65.15583497263489 274.01780828036635 250 191 9
45.30228328704834 7.56289150853811e-12 65.15583497263489 274.01780828036635 250 191 9
